phase,mjd,filter,mag_ab,Aps
-4040.393,56042.44,g,22.20636157,12
-4040.383,56042.45,g,22.24794182,11
-3687.433,56395.4,g,22.00023356,12
-3014.173,57068.66,g,21.84461911,10
-6.343,60076.49,g,21.79191752,18
-4039.383,56043.45,r,21.88253356,14
-4039.373,56043.46,r,21.59555011,14
-3677.413,56405.42,r,21.59683356,14
-3677.403,56405.43,r,21.73401911,14
-3371.223,56711.61,r,21.14420461,17
-3371.223,56711.61,r,21.14420461,17
-3371.213,56711.62,r,21.43276826,16
-3371.203,56711.63,r,21.22816801,9
-3347.323,56735.51,r,22.00292646,18
-3347.313,56735.52,r,21.66034182,18
-3014.173,57068.66,r,22.13313616,10
-2667.203,57415.63,r,21.09476027,6
-2667.193,57415.64,r,21.24462858,7
-2667.183,57415.65,r,21.04261944,8
-2667.173,57415.66,r,21.30225785,9
-2667.173,57415.66,r,21.30225785,9
-2500.563,57582.27,r,21.68191171,13
-2500.553,57582.28,r,21.6896407,12
-2500.543,57582.29,r,21.70716164,13
-2500.523,57582.31,r,21.81334182,13
-4411.393,55671.44,i,21.98433616,16
-4411.383,55671.45,i,21.90671409,17
-4037.373,56045.46,i,21.88295183,12
-4037.363,56045.47,i,21.98253616,12
-3677.433,56405.4,i,21.83245183,14
-3677.423,56405.41,i,21.87311752,15
-3297.523,56785.31,i,21.69836157,15
-3297.503,56785.33,i,21.87528072,15
-3297.493,56785.34,i,21.67014182,17
-3297.483,56785.35,i,21.90553616,16
-3295.493,56787.34,i,21.95617406,15
-3295.473,56787.36,i,21.89778072,15
-3240.563,56842.27,i,22.09139866,17
-3240.543,56842.29,i,22.12372646,17
-3240.533,56842.3,i,21.70311911,17
-3240.523,56842.31,i,22.25632284,17
-3022.233,57060.6,i,21.23362858,20
-3022.213,57060.62,i,21.0755179,19
-3022.203,57060.63,i,21.29915785,19
-3022.183,57060.65,i,21.28490624,19
-3014.173,57068.66,i,21.88201752,14
-2999.253,57083.58,i,21.72481752,16
-2999.243,57083.59,i,21.24066568,17
-2999.223,57083.61,i,21.46053356,17
-2999.213,57083.62,i,21.63406157,17
-2964.383,57118.45,i,20.92990624,15
-2964.373,57118.46,i,21.23716826,14
-2964.363,57118.47,i,20.67705953,14
-2964.343,57118.49,i,21.27226826,14
-2611.353,57471.48,i,21.15059393,16
-2611.323,57471.51,i,21.19599393,17
-2282.243,57800.59,i,21.80531409,8
-2282.233,57800.6,i,21.78405183,9
-2282.213,57800.62,i,21.42866865,8
-2254.353,57828.48,i,21.66376157,18
-2254.333,57828.5,i,21.74724182,18
-2254.313,57828.52,i,21.95277406,19
-2232.403,57850.43,i,21.85233616,18
-2232.393,57850.44,i,21.90969866,19
-2232.383,57850.45,i,21.89857406,19
-2232.373,57850.46,i,21.94099866,17
-2200.473,57882.36,i,21.50616164,17
-2200.453,57882.38,i,21.06575785,18
-2200.443,57882.39,i,21.04730049,19
-2200.433,57882.4,i,20.9344412,19
-1905.253,58177.58,i,19.78239663,16
-1905.243,58177.59,i,20.31696568,17
-1824.483,58258.35,i,21.33426801,13
-1824.473,58258.36,i,21.04286027,12
-1824.463,58258.37,i,21.16867909,13
-1824.443,58258.39,i,21.20559663,14
-1817.513,58265.32,i,20.60133802,16
-1817.503,58265.33,i,18.10988072,16
-1817.483,58265.35,i,19.82306826,16
-1817.473,58265.36,i,19.57030811,16
-1791.553,58291.28,i,21.79311409,15
-1791.553,58291.28,i,21.79311409,15
-1791.543,58291.29,i,21.81785183,16
-1791.543,58291.29,i,21.81785183,16
-1791.523,58291.31,i,21.68804182,14
-1791.513,58291.32,i,21.58233356,15
-1574.193,58508.64,i,22.29105317,17
-1574.183,58508.65,i,21.54258062,16
-1408.563,58674.27,i,21.76061752,18
-1408.553,58674.28,i,21.56991911,17
-1408.543,58674.29,i,21.58896157,18
-1408.533,58674.3,i,21.79172646,17
-1166.273,58916.56,i,20.92656568,13
-1166.263,58916.57,i,20.5935179,14
-1166.243,58916.59,i,20.25491424,15
-1166.233,58916.6,i,20.57417516,15
-1164.313,58918.52,i,20.25990811,13
-1164.303,58918.53,i,20.41243356,13
-1164.293,58918.54,i,20.50911011,13
-1164.283,58918.55,i,20.74486865,14
-1135.413,58947.42,i,20.35499393,18
-1135.403,58947.43,i,20.19595011,20
-1131.383,58951.45,i,20.77768062,12
-1131.383,58951.45,i,20.77768062,12
-1131.373,58951.46,i,21.00234147,17
-1131.373,58951.46,i,21.00234147,17
-1131.353,58951.48,i,20.55775785,13
-1131.353,58951.48,i,20.55775785,13
-1131.343,58951.49,i,21.01176568,15
-1131.343,58951.49,i,21.01176568,15
-1131.263,58951.57,i,19.32991011,16
-1131.253,58951.58,i,20.24015785,19
-1131.243,58951.59,i,20.35591832,18
-1131.233,58951.6,i,20.38613356,18
-1113.423,58969.41,i,21.47066164,11
-1113.403,58969.43,i,21.39613356,11
-1113.393,58969.44,i,21.06686801,10
-1113.373,58969.46,i,21.05706801,10
-1112.443,58970.39,i,21.43708731,16
-1112.433,58970.4,i,21.6665407,16
-1112.423,58970.41,i,21.70491911,15
-1112.423,58970.41,i,21.70491911,15
-1104.393,58978.44,i,21.56624182,13
-1104.373,58978.46,i,20.68688847,13
-1104.353,58978.48,i,21.32641171,9
-1102.443,58980.39,i,22.30284047,16
-1102.433,58980.4,i,22.36053647,17
-1102.423,58980.41,i,22.0982882,16
-1102.413,58980.42,i,21.54855183,16
-1082.423,59000.41,i,21.56595183,16
-1082.413,59000.42,i,21.52201752,16
-1074.403,59008.43,i,20.01683356,14
-1072.403,59010.43,i,21.58216826,15
-1072.393,59010.44,i,21.62531171,14
-1072.383,59010.45,i,21.13335785,14
-1072.373,59010.46,i,21.67236164,16
-1071.413,59011.42,i,21.35779393,12
-1071.393,59011.44,i,21.26879393,14
-1071.393,59011.44,i,21.26879393,14
-1071.383,59011.45,i,21.37788731,16
-1071.383,59011.45,i,21.37788731,16
-1071.373,59011.46,i,21.16349393,15
-1071.373,59011.46,i,21.16349393,15
-1050.513,59032.32,i,21.49228731,10
-1050.513,59032.32,i,21.49228731,10
-1050.503,59032.33,i,21.65981171,10
-1050.503,59032.33,i,21.65981171,10
-1050.493,59032.34,i,20.51304629,14
-1050.493,59032.34,i,20.51304629,14
-1050.483,59032.35,i,21.57408062,11
-1050.473,59032.36,i,21.32517387,11
-1044.503,59038.33,i,21.16656568,16
-1044.493,59038.34,i,21.24218731,15
-1044.483,59038.35,i,20.99080049,14
-1044.473,59038.36,i,20.58614629,14
-1043.463,59039.37,i,21.32188761,16
-1043.453,59039.38,i,21.6397407,15
-1043.443,59039.39,i,21.55286826,15
-1043.433,59039.4,i,20.97119663,15
-1022.563,59060.27,i,20.77489663,16
-1022.553,59060.28,i,20.65981424,14
-1022.543,59060.29,i,21.07636865,17
-1022.533,59060.3,i,21.12128062,18
-1021.513,59061.32,i,21.1164412,12
-1021.503,59061.33,i,21.19117909,11
-1021.493,59061.34,i,21.22016801,11
-1021.483,59061.35,i,21.03998227,10
-838.203,59244.63,i,20.26371215,14
-838.193,59244.64,i,19.96376041,13
-838.173,59244.66,i,20.04041975,14
-837.203,59245.63,i,20.77354147,16
-837.193,59245.64,i,20.29756677,15
-837.183,59245.65,i,20.31616677,14
-837.173,59245.66,i,20.80526865,16
-806.213,59276.62,i,20.07916027,17
-806.213,59276.62,i,20.07916027,17
-806.203,59276.63,i,20.48980049,17
-806.193,59276.64,i,20.55605785,17
-804.213,59278.62,i,20.82319393,10
-804.213,59278.62,i,20.82319393,10
-804.203,59278.63,i,21.21221409,11
-804.193,59278.64,i,20.37306826,10
-786.323,59296.51,i,20.73778731,15
-786.323,59296.51,i,20.73778731,15
-786.323,59296.51,i,20.73778731,15
-786.313,59296.52,i,21.54852646,15
-784.343,59298.49,i,20.27800704,13
-784.323,59298.51,i,20.0016553,13
-784.313,59298.52,i,20.56476568,13
-784.303,59298.53,i,20.45156801,13
-783.363,59299.47,i,18.99836865,19
-783.343,59299.49,i,19.09101011,19
-783.333,59299.5,i,20.68631409,20
-783.323,59299.51,i,20.3453407,20
-779.263,59303.57,i,20.7722407,17
-779.253,59303.58,i,21.08237406,17
-779.243,59303.59,i,21.03273616,17
-779.233,59303.6,i,21.06969866,17
-778.293,59304.54,i,21.60286157,15
-778.283,59304.55,i,21.84261409,15
-778.273,59304.56,i,21.57068072,14
-778.263,59304.57,i,21.79045183,15
-777.233,59305.6,i,20.67786865,17
-748.443,59334.39,i,20.48178761,20
-748.433,59334.4,i,20.57976865,20
-748.423,59334.41,i,20.36365785,19
-748.413,59334.42,i,20.47868761,19
-729.423,59353.41,i,21.92533616,17
-729.413,59353.42,i,21.73501409,12
-729.403,59353.43,i,21.75341409,12
-729.403,59353.43,i,21.75341409,12
-729.393,59353.44,i,21.45848062,13
-729.393,59353.44,i,21.45848062,13
-729.383,59353.45,i,21.63221911,14
-729.383,59353.45,i,21.63221911,14
-724.413,59358.42,i,21.64665183,15
-724.403,59358.43,i,21.50791911,14
-724.393,59358.44,i,21.58084182,14
-724.383,59358.45,i,21.4446407,14
-716.363,59366.47,i,21.97339866,15
-716.353,59366.48,i,22.24395317,14
-716.343,59366.49,i,22.0540882,14
-716.323,59366.51,i,21.78141752,15
-696.493,59386.34,i,20.55817909,13
-696.483,59386.35,i,20.9763412,11
-696.473,59386.36,i,21.86063616,13
-696.463,59386.37,i,21.61551911,13
-669.543,59413.29,i,20.73824917,16
-669.523,59413.31,i,20.55151606,14
-669.513,59413.32,i,21.0514179,16
-49.373,60033.46,i,21.89133616,15
-49.363,60033.47,i,21.77263616,15
-49.343,60033.49,i,21.23381911,13
-49.333,60033.5,i,21.38166865,13
-48.373,60034.46,i,21.79363616,17
-48.353,60034.48,i,21.6483407,15
-48.343,60034.49,i,21.60781911,14
-48.333,60034.5,i,21.93017406,13
-47.343,60035.49,i,19.4152179,15
-16.413,60066.42,i,21.56666157,20
-16.393,60066.44,i,21.58204182,20
-16.383,60066.45,i,21.37473356,20
-16.363,60066.47,i,21.61725183,20
-11.393,60071.44,i,21.19434147,17
-11.383,60071.45,i,21.16496568,17
-11.373,60071.46,i,21.38213356,17
-11.353,60071.48,i,21.28821011,16
-10.363,60072.47,i,21.53841171,15
-10.353,60072.48,i,21.5377407,16
-10.343,60072.49,i,21.43546826,16
-10.333,60072.5,i,21.53066157,16
-9.363,60073.47,i,21.76504182,15
-8.363,60074.47,i,21.52623356,18
-8.353,60074.48,i,21.88403616,18
-8.333,60074.5,i,21.71154182,17
-8.303,60074.53,i,21.52091171,17
-4851.203,55231.63,z,21.06434182,87
-4851.193,55231.64,z,21.19431752,83
-4794.313,55288.52,z,20.73330811,81
-4794.303,55288.53,z,20.82383802,86
-4498.173,55584.66,z,21.32129866,90
-4498.163,55584.67,z,21.22848072,87
-4027.423,56055.41,z,21.19788072,96
-4027.413,56055.42,z,20.86163356,93
-3646.413,56436.42,z,21.15956826,81
-3347.253,56735.58,z,21.65114182,44
-3014.173,57068.66,z,21.20866865,83
-2634.183,57448.65,z,21.22119866,78
-2634.173,57448.66,z,20.86611911,78
-1786.463,58296.37,z,21.29331424,79
-1784.453,58298.38,z,21.48628731,92
-1770.573,58312.26,z,21.2453407,97
-1758.583,58324.25,z,21.29310624,89
-1757.583,58325.25,z,21.70986157,82
-1757.433,58325.4,z,21.11686801,77
-1755.583,58327.25,z,19.80311011,79
-1754.583,58328.25,z,21.61314147,91
-1754.533,58328.3,z,21.70238062,66
-1754.513,58328.32,z,21.62133802,57
-1754.493,58328.34,z,21.42800811,63
-1750.583,58332.25,z,21.0482553,60
-1749.583,58333.25,z,20.98221424,66
-1748.583,58334.25,z,20.01691215,78
-1745.583,58337.25,z,21.59159393,69
-1744.583,58338.25,z,21.61796865,76
-1107.233,58975.6,z,21.63895183,63
-1107.223,58975.61,z,21.62991409,68
-1107.223,58975.61,z,21.62991409,68
-1107.213,58975.62,z,21.34011911,69
-1076.403,59006.43,z,21.44285011,85
-1076.393,59006.44,z,21.60463802,83
-4867.173,55215.66,y,20.17381752,38
-4867.163,55215.67,y,19.72221171,30
-4737.423,55345.41,y,19.24370461,35
-4737.413,55345.42,y,19.83404182,40
-4027.433,56055.4,y,19.89461171,36
-4027.423,56055.41,y,20.18108072,36
-3646.423,56436.41,y,20.61195183,41
-3218.583,56864.25,y,19.90872858,24
-2983.173,57099.66,y,19.88881752,30
-2664.163,57418.67,y,19.77681171,34
-2663.153,57419.68,y,19.87151911,32
-1770.583,58312.25,y,20.35686826,42
-1758.583,58324.25,y,20.26935785,38
-1757.583,58325.25,y,20.51113356,41
-1756.583,58326.25,y,20.10157387,33
-1755.583,58327.25,y,19.22930811,38
-1754.583,58328.25,y,20.63648062,36
-1750.583,58332.25,y,20.19545785,37
-1749.593,58333.24,y,19.67326027,35
-1748.593,58334.24,y,17.68952182,35
-1745.593,58337.24,y,20.54401011,34
-1744.593,58338.24,y,20.56916826,34
-6.343,60076.49,y,20.22443616,44